500 0.0262174 0.02213128
1000 0.1261931 0.11424962
1500 0.37876768 0.28376382
2000 0.65619868 0.39934934
2500 0.85141256 0.6524291
3000 1.62012588 1.1606957
3500 2.14014366 1.473672
4000 2.56431124 1.71178332
4500 3.18582882 2.28352512
5000 3.9904957 2.68804702
5500 5.37362134 3.4224533
6000 6.19263748 3.90391136
6500 7.81305834 4.50364168
7000 9.93649016 5.20186998
7500 15.800955 6.38032326
8000 18.52317478 7.2217463
8500 24.91838098 8.78532382
9000 25.23765868 9.56052974
9500 31.0212611 10.51438736
10000 39.92302474 15.26855708
